{
  "advancedEditorSelectedIdentifier" : "ProjectBrowser",
  "openSceneRelativePaths" : [
    "Immersive.usda"
  ],
  "recentIdentifiers" : {
    "1D572CEB-057A-41C3-B575-04C37501A3C0" : [

    ]
  },
  "sceneCameraHistory" : {
    "1D572CEB-057A-41C3-B575-04C37501A3C0" : [
      {
        "date" : 734237920.519088,
        "title" : "Untitled",
        "transform" : [
          0.99717104,
          0.000109497414,
          -0.07516563,
          0,
          0.0054884492,
          0.9972235,
          0.07426413,
          0,
          0.07496511,
          -0.07446662,
          0.9944019,
          0,
          -0.9802979,
          0.04026636,
          -1.1818819,
          1
        ]
      },
      {
        "date" : 734237915.209374,
        "title" : "Untitled",
        "transform" : [
          0.8209406,
          0.00010947542,
          -0.5710136,
          0,
          -0.22304006,
          0.9206203,
          -0.32048598,
          0,
          0.52565163,
          0.39045885,
          0.755799,
          0,
          3.3464713,
          3.3678274,
          -0.08998431,
          1
        ]
      },
      {
        "date" : 734237909.382994,
        "title" : "Untitled",
        "transform" : [
          0.8209406,
          0.00010947542,
          -0.5710136,
          0,
          -0.22304006,
          0.9206203,
          -0.32048598,
          0,
          0.52565163,
          0.39045885,
          0.755799,
          0,
          0.9442412,
          1.5834337,
          -3.543991,
          1
        ]
      },
      {
        "date" : 734237891.853721,
        "title" : "Untitled",
        "transform" : [
          0.9081501,
          1.1120472e-09,
          -0.4186447,
          0,
          -0.021843186,
          0.998638,
          -0.04738359,
          0,
          0.4180745,
          0.052175947,
          0.90691316,
          0,
          0.9442412,
          1.5834337,
          -3.543991,
          1
        ]
      },
      {
        "date" : 734237826.642068,
        "title" : "Untitled",
        "transform" : [
          0.9081501,
          1.1120472e-09,
          -0.4186447,
          0,
          -0.021843186,
          0.998638,
          -0.04738359,
          0,
          0.4180745,
          0.052175947,
          0.90691316,
          0,
          0.9442412,
          1.5834337,
          -3.543991,
          1
        ]
      },
      {
        "date" : 734237711.905291,
        "title" : "Untitled",
        "transform" : [
          0.9081501,
          1.1120472e-09,
          -0.4186447,
          0,
          -0.021843186,
          0.998638,
          -0.04738359,
          0,
          0.4180745,
          0.052175947,
          0.90691316,
          0,
          0.9442412,
          1.5834337,
          -3.543991,
          1
        ]
      },
      {
        "date" : 734237683.121213,
        "title" : "Untitled",
        "transform" : [
          0.90815014,
          5.944856e-10,
          -0.4186447,
          0,
          -0.026022762,
          0.9980662,
          -0.056450196,
          0,
          0.4178351,
          0.062159542,
          0.9063939,
          0,
          0.9442412,
          1.5834337,
          -3.543991,
          1
        ]
      },
      {
        "date" : 734237619.332991,
        "title" : "Untitled",
        "transform" : [
          0.998656,
          -2.0951152e-10,
          -0.051829968,
          0,
          -0.004252168,
          0.996629,
          -0.08193046,
          0,
          0.051655248,
          0.08204073,
          0.99528944,
          0,
          0.9442412,
          1.5834337,
          -3.543991,
          1
        ]
      },
      {
        "date" : 734237616.861155,
        "title" : "Untitled",
        "transform" : [
          0.998656,
          -3.7847276e-08,
          -0.051829964,
          0,
          -0.0042521306,
          0.996629,
          -0.081930466,
          0,
          0.051655248,
          0.08204073,
          0.99528944,
          0,
          0.9442412,
          1.5834337,
          -3.543991,
          1
        ]
      },
      {
        "date" : 734237611.663585,
        "title" : "Untitled",
        "transform" : [
          0.9999614,
          -3.7656206e-12,
          0.0087984195,
          0,
          7.0275295e-05,
          0.9999682,
          -0.007986954,
          0,
          -0.008798138,
          0.007987264,
          0.9999294,
          0,
          0.9442412,
          1.5834337,
          -3.543991,
          1
        ]
      }
    ]
  }
}