{
  "advancedEditorSelectedIdentifier" : "ProjectBrowser",
  "openSceneRelativePaths" : [
    "Immersive.usda"
  ],
  "recentIdentifiers" : {
    "1D572CEB-057A-41C3-B575-04C37501A3C0" : [

    ]
  },
  "sceneCameraHistory" : {
    "1D572CEB-057A-41C3-B575-04C37501A3C0" : [
      {
        "date" : 734242429.420218,
        "title" : "Untitled",
        "transform" : [
          0.9989152,
          -7.2913586e-10,
          -0.046567008,
          0,
          -0.0044004,
          0.9955253,
          -0.09439366,
          0,
          0.04635863,
          0.094496116,
          0.9944453,
          0,
          0.11989733,
          0.24439555,
          2.5719337,
          1
        ]
      },
      {
        "date" : 734242301.676282,
        "title" : "Untitled",
        "transform" : [
          0.7774157,
          7.65672e-09,
          -0.6289871,
          0,
          -0.14726941,
          0.97220355,
          -0.1820221,
          0,
          0.61150354,
          0.23413737,
          0.75580627,
          0,
          2.2352312,
          2.1503923,
          -2.4781694,
          1
        ]
      },
      {
        "date" : 734242208.660416,
        "title" : "Untitled",
        "transform" : [
          0.7521792,
          6.157674e-09,
          -0.6589586,
          0,
          -0.24893327,
          0.9259006,
          -0.28414896,
          0,
          0.6101302,
          0.37776765,
          0.6964431,
          0,
          2.2226171,
          3.4695368,
          -3.0233803,
          1
        ]
      },
      {
        "date" : 734242198.229321,
        "title" : "Untitled",
        "transform" : [
          0.790755,
          6.4007413e-09,
          -0.6121328,
          0,
          -0.23389311,
          0.924123,
          -0.30214375,
          0,
          0.56568605,
          0.38209534,
          0.7307548,
          0,
          1.8144279,
          3.5092835,
          -2.7082505,
          1
        ]
      },
      {
        "date" : 734242187.633678,
        "title" : "Untitled",
        "transform" : [
          0.8129477,
          4.9806697e-09,
          -0.5823367,
          0,
          -0.19884677,
          0.9398951,
          -0.2775919,
          0,
          0.54733545,
          0.34146354,
          0.7640855,
          0,
          1.6458902,
          3.1361074,
          -2.402131,
          1
        ]
      },
      {
        "date" : 734242169.910697,
        "title" : "Untitled",
        "transform" : [
          0.72189236,
          3.75369e-09,
          -0.6920052,
          0,
          -0.20495982,
          0.9551314,
          -0.2138118,
          0,
          0.6609559,
          0.29618242,
          0.68950206,
          0,
          2.6894133,
          2.7202334,
          -3.0871258,
          1
        ]
      },
      {
        "date" : 734241348.981338,
        "title" : "Untitled",
        "transform" : [
          0.9196998,
          3.7723593e-09,
          -0.39262214,
          0,
          -0.11668069,
          0.9548205,
          -0.27331918,
          0,
          0.37488365,
          0.29718304,
          0.87814826,
          0,
          0.06205237,
          2.7294235,
          -1.3545508,
          1
        ]
      },
      {
        "date" : 734241328.976497,
        "title" : "Untitled",
        "transform" : [
          0.70752007,
          9.274041e-09,
          -0.7066932,
          0,
          -0.28619772,
          0.9143248,
          -0.28653255,
          0,
          0.64614713,
          0.40498152,
          0.6469032,
          0,
          0.1085937,
          2.747408,
          -1.3912269,
          1
        ]
      },
      {
        "date" : 734241326.971233,
        "title" : "Untitled",
        "transform" : [
          0.70752007,
          -3.0554348e-09,
          -0.70669323,
          0,
          -0.28619775,
          0.9143248,
          -0.28653258,
          0,
          0.6461472,
          0.40498164,
          0.64690316,
          0,
          1.6527135,
          1.0358614,
          1.6546501,
          1
        ]
      },
      {
        "date" : 734241308.573575,
        "title" : "Untitled",
        "transform" : [
          0.9847003,
          -1.91522e-09,
          -0.17425625,
          0,
          -0.02429226,
          0.9902354,
          -0.13727249,
          0,
          0.17255472,
          0.13940541,
          0.97508514,
          0,
          0.4413604,
          0.35657132,
          2.4940732,
          1
        ]
      }
    ]
  }
}